## rate_interval_coverage (promise >= 0.95)
n | reps | p | concentration | ours | naive_iid
16 | 1 | 0.700 | inf | 0.986 | 0.946
16 | 1 | 0.700 | 2.000 | 0.991 | 0.949
16 | 1 | 0.900 | inf | 0.984 | 0.933
16 | 1 | 0.900 | 2.000 | 0.984 | 0.925
16 | 3 | 0.700 | inf | 1.000 | 0.945
16 | 3 | 0.700 | 2.000 | 1.000 | 0.849
16 | 3 | 0.900 | inf | 1.000 | 0.943
16 | 3 | 0.900 | 2.000 | 0.998 | 0.873
16 | 5 | 0.700 | inf | 1.000 | 0.961
16 | 5 | 0.700 | 2.000 | 1.000 | 0.838
16 | 5 | 0.900 | inf | 1.000 | 0.963
16 | 5 | 0.900 | 2.000 | 1.000 | 0.817
40 | 1 | 0.700 | inf | 0.960 | 0.938
40 | 1 | 0.700 | 2.000 | 0.958 | 0.938
40 | 1 | 0.900 | inf | 0.972 | 0.944
40 | 1 | 0.900 | 2.000 | 0.970 | 0.941
40 | 3 | 0.700 | inf | 1.000 | 0.943
40 | 3 | 0.700 | 2.000 | 0.998 | 0.845
40 | 3 | 0.900 | inf | 1.000 | 0.944
40 | 3 | 0.900 | 2.000 | 0.999 | 0.878
40 | 5 | 0.700 | inf | 1.000 | 0.943
40 | 5 | 0.700 | 2.000 | 0.999 | 0.788
40 | 5 | 0.900 | inf | 1.000 | 0.958
40 | 5 | 0.900 | 2.000 | 0.999 | 0.795
80 | 1 | 0.700 | inf | 0.961 | 0.961
80 | 1 | 0.700 | 2.000 | 0.965 | 0.965
80 | 1 | 0.900 | inf | 0.977 | 0.961
80 | 1 | 0.900 | 2.000 | 0.972 | 0.958
80 | 3 | 0.700 | inf | 1.000 | 0.946
80 | 3 | 0.700 | 2.000 | 0.997 | 0.868
80 | 3 | 0.900 | inf | 1.000 | 0.959
80 | 3 | 0.900 | 2.000 | 0.999 | 0.896
80 | 5 | 0.700 | inf | 1.000 | 0.943
80 | 5 | 0.700 | 2.000 | 0.999 | 0.801
80 | 5 | 0.900 | inf | 1.000 | 0.949
80 | 5 | 0.900 | 2.000 | 1.000 | 0.784

## gate_false_pass_just_below_bar (promise <= 0.025)
n | reps | bar | true | ours_false_pass | point_estimate_false_pass
16 | 1 | 0.700 | 0.690 | 0.004 | 0.416
16 | 1 | 0.800 | 0.790 | 0.000 | 0.574
16 | 1 | 0.900 | 0.890 | 0.000 | 0.469
16 | 3 | 0.700 | 0.690 | 0.000 | 0.487
16 | 3 | 0.800 | 0.790 | 0.000 | 0.469
16 | 3 | 0.900 | 0.890 | 0.000 | 0.445
40 | 1 | 0.700 | 0.690 | 0.019 | 0.508
40 | 1 | 0.800 | 0.790 | 0.004 | 0.512
40 | 1 | 0.900 | 0.890 | 0.013 | 0.548
40 | 3 | 0.700 | 0.690 | 0.001 | 0.466
40 | 3 | 0.800 | 0.790 | 0.000 | 0.468
40 | 3 | 0.900 | 0.890 | 0.000 | 0.459
150 | 1 | 0.700 | 0.690 | 0.006 | 0.413
150 | 1 | 0.800 | 0.790 | 0.011 | 0.410
150 | 1 | 0.900 | 0.890 | 0.004 | 0.419
150 | 3 | 0.700 | 0.690 | 0.001 | 0.390
150 | 3 | 0.800 | 0.790 | 0.000 | 0.345
150 | 3 | 0.900 | 0.890 | 0.000 | 0.344

## compare_under_null (promise false_alarm <= 0.05)
n | reps | p | false_alarm | ci_covers_zero | naive_5pt_difference
16 | 1 | 0.700 | 0.010 | 0.944 | 0.828
16 | 3 | 0.700 | 0.016 | 0.910 | 0.510
40 | 1 | 0.700 | 0.012 | 0.964 | 0.556
40 | 3 | 0.700 | 0.034 | 0.922 | 0.314
100 | 1 | 0.700 | 0.030 | 0.956 | 0.324
100 | 3 | 0.700 | 0.046 | 0.932 | 0.122

## compare_power_and_coverage
n | p | true_delta | detected | ci_covers_truth
40 | 0.700 | 0.100 | 0.200 | 0.894
100 | 0.700 | 0.100 | 0.934 | 0.962
200 | 0.700 | 0.100 | 1.000 | 0.950
400 | 0.700 | 0.100 | 1.000 | 0.944

## kappa_interval_coverage (target >= 0.95)
n | p_pass | flip | true_kappa | coverage | lower_bound_above_truth
20 | 0.500 | 0.050 | 0.900 | 0.994 | 0.000
20 | 0.500 | 0.150 | 0.700 | 0.974 | 0.000
20 | 0.850 | 0.050 | 0.821 | 0.956 | 0.000
20 | 0.850 | 0.150 | 0.543 | 0.936 | 0.004
40 | 0.500 | 0.050 | 0.900 | 0.992 | 0.000
40 | 0.500 | 0.150 | 0.700 | 0.968 | 0.012
40 | 0.850 | 0.050 | 0.821 | 0.992 | 0.000
40 | 0.850 | 0.150 | 0.543 | 0.956 | 0.010
100 | 0.500 | 0.050 | 0.900 | 0.976 | 0.004
100 | 0.500 | 0.150 | 0.700 | 0.972 | 0.016
100 | 0.850 | 0.050 | 0.821 | 0.974 | 0.010
100 | 0.850 | 0.150 | 0.543 | 0.958 | 0.018
